1|PK20260411_1|ACC000001||500000.0|0|0|0|20260411|20260411||||||||||||
2|PK20260411_2|ACC000002||510000.0|0|0|0|20260411|20260411||||||||||||
3|PK20260411_3|ACC000003||520000.0|0|0|0|20260411|20260411||||||||||||
4|PK20260411_4|ACC000004||530000.0|0|0|0|20260411|20260411||||||||||||
5|PK20260411_5|ACC000005||540000.0|0|0|0|20260411|20260411||||||||||||
6|PK20260411_6|ACC000006||550000.0|0|0|0|20260411|20260411||||||||||||
7|PK20260411_7|ACC000007||560000.0|0|0|0|20260411|20260411||||||||||||
8|PK20260411_8|ACC000008||570000.0|0|0|0|20260411|20260411||||||||||||
9|PK20260411_9|ACC000009||580000.0|0|0|0|20260411|20260411||||||||||||
10|PK20260411_10|ACC000010||590000.0|0|0|0|20260411|20260411||||||||||||
11|PK20260411_11|ACC000011||600000.0|0|0|0|20260411|20260411||||||||||||
12|PK20260411_12|ACC000012||610000.0|0|0|0|20260411|20260411||||||||||||
13|PK20260411_13|ACC000013||620000.0|0|0|0|20260411|20260411||||||||||||
14|PK20260411_14|ACC000014||630000.0|0|0|0|20260411|20260411||||||||||||
15|PK20260411_15|ACC000015||640000.0|0|0|0|20260411|20260411||||||||||||
16|PK20260411_16|ACC000016||650000.0|0|0|0|20260411|20260411||||||||||||
17|PK20260411_17|ACC000017||660000.0|0|0|0|20260411|20260411||||||||||||
18|PK20260411_18|ACC000018||670000.0|0|0|0|20260411|20260411||||||||||||
19|PK20260411_19|ACC000019||680000.0|0|0|0|20260411|20260411||||||||||||
20|PK20260411_20|ACC000020||690000.0|0|0|0|20260411|20260411||||||||||||
