1|PK20260410_1|ACC000001||500000.0|0|0|0|20260410|20260410||||||||||||
2|PK20260410_2|ACC000002||510000.0|0|0|0|20260410|20260410||||||||||||
3|PK20260410_3|ACC000003||520000.0|0|0|0|20260410|20260410||||||||||||
4|PK20260410_4|ACC000004||530000.0|0|0|0|20260410|20260410||||||||||||
5|PK20260410_5|ACC000005||540000.0|0|0|0|20260410|20260410||||||||||||
6|PK20260410_6|ACC000006||550000.0|0|0|0|20260410|20260410||||||||||||
7|PK20260410_7|ACC000007||560000.0|0|0|0|20260410|20260410||||||||||||
8|PK20260410_8|ACC000008||570000.0|0|0|0|20260410|20260410||||||||||||
9|PK20260410_9|ACC000009||580000.0|0|0|0|20260410|20260410||||||||||||
10|PK20260410_10|ACC000010||590000.0|0|0|0|20260410|20260410||||||||||||
11|PK20260410_11|ACC000011||600000.0|0|0|0|20260410|20260410||||||||||||
12|PK20260410_12|ACC000012||610000.0|0|0|0|20260410|20260410||||||||||||
13|PK20260410_13|ACC000013||620000.0|0|0|0|20260410|20260410||||||||||||
14|PK20260410_14|ACC000014||630000.0|0|0|0|20260410|20260410||||||||||||
15|PK20260410_15|ACC000015||640000.0|0|0|0|20260410|20260410||||||||||||
16|PK20260410_16|ACC000016||650000.0|0|0|0|20260410|20260410||||||||||||
17|PK20260410_17|ACC000017||660000.0|0|0|0|20260410|20260410||||||||||||
18|PK20260410_18|ACC000018||670000.0|0|0|0|20260410|20260410||||||||||||
19|PK20260410_19|ACC000019||680000.0|0|0|0|20260410|20260410||||||||||||
20|PK20260410_20|ACC000020||690000.0|0|0|0|20260410|20260410||||||||||||
